4.1 46.7 33.4 50 16.9 72.4 47.8 35.8 96.2 46.4 
70.5 14.5 28.1 82.7 96.1 49.1 99.5 94.2 82.7 43.6 
39.1 60.4 90.2 15.3 29.2 38.2 42.1 71.6 71.8 89.5 
44.7 72.6 77.1 53.8 86.9 91.2 66.7 29.9 3.5 89.4 
70.3 81.1 32.2 33.3 67.3 66.4 14.1 71.1 25.3 86.8 
54.7 64.4 66.2 75.7 3.7 85.9 72.3 74.1 52.9 77.8 
31.6 3.5 19 84.2 28.8 10.6 4 94.2 26.4 64.8 
44.6 80.5 89 72.9 37 35 0.6 10.1 39.3 54.8 
62.9 62.3 8.4 95.4 75.6 84 96.6 37.6 93.1 30.8 
94.4 43.9 62.6 32.3 53.7 53.8 11.8 8.2 92.9 54.1 
83.3 11.5 63.9 65.8 70.4 93 97.7 30.6 67.3 38.6 
2.1 74.5 92.4 7.2 27 82.9 77.7 57.3 9.7 51.2 
98.6 29 16.1 63.6 35.5 76.7 65.5 57.4 3.1 5.2 
35 15 94.1 72.4 96.6 43 10.7 19.1 0.7 33.7 
